   0.0000000000000000        1.0000000000000000        0.0000000000000000        0.0000000000000000     
   1.0000000000000000E-002  0.20649247854681571       0.58703960290338075       0.20646791854980343     
   2.0000000000000000E-002  0.20657339271796760       0.58703703433943455       0.20638957294259774     
   2.9999999999999999E-002  0.20674223151277443       0.58701510202366247       0.20624266646356301     
   4.0000000000000001E-002  0.20699161566455440       0.58696504062278143       0.20604334371266400     
   5.0000000000000003E-002  0.20731531590123006       0.58688707410824370       0.20579760999052632     
   5.9999999999999998E-002  0.20771064237523801       0.58678466019146813       0.20550469743329389     
   7.0000000000000007E-002  0.20817679813551532       0.58666110896103807       0.20516209290344650     
   8.0000000000000002E-002  0.20871382698180702       0.58651855700894040       0.20476761600925261     
   8.9999999999999997E-002  0.20932217060232622       0.58635799347930362       0.20431983591837022     
  0.10000000000000001       0.21000249310222072       0.58617957831648448       0.20381792858129499     
  0.11000000000000000       0.21075560234109250       0.58598295355202568       0.20326144410688196     
  0.12000000000000000       0.21158240740192183       0.58576746812802971       0.20265012447004857     
  0.13000000000000000       0.21248389348522753       0.58553231772617265       0.20198378878859985     
  0.14000000000000001       0.21346110782176361       0.58527662212812825       0.20126227005010836     
  0.14999999999999999       0.21451515323820314       0.58499946241881551       0.20048538434298144     
  0.16000000000000000       0.21564718673525177       0.58469989464477157       0.19965291861997675     
  0.17000000000000001       0.21685842094242727       0.58437695083146235       0.19876462822611057     
  0.17999999999999999       0.21815012698803549       0.58402963395607044       0.19782023905589424     
  0.19000000000000000       0.21952363777434161       0.58365691059873737       0.19681945162692097     
  0.20000000000000001       0.22098035100646987       0.58325770321557036       0.19576194577795983     
  0.20999999999999999       0.22252173182565788       0.58283088292720120       0.19464738524714109     
  0.22000000000000000       0.22414931479201178       0.58237526315489507       0.19347542205309337     
  0.23000000000000001       0.22586470524818797       0.58188959413990027       0.19224570061191190     
  0.23999999999999999       0.22766958017472780       0.58137255824892531       0.19095786157634681     
  0.25000000000000000       0.22956568843477354       0.58082276593923154       0.18961154562599500     
  0.26000000000000001       0.23155485050192348       0.58023875224955512       0.18820639724852128     
  0.27000000000000002       0.23363895780609870       0.57961897369753956       0.18674206849636193     
  0.28000000000000003       0.23581997152360926       0.57896180551190024       0.18521822296449028     
  0.28999999999999998       0.23809992088277915       0.57826553913869039       0.18363453997853058     
  0.29999999999999999       0.24048090111303116       0.57752837997465478       0.18199071891231403     
  0.31000000000000000       0.24296507075147636       0.57674844533621616       0.18028648391230742     
  0.32000000000000001       0.24555464849309841       0.57592376264822298       0.17852158885867850     
  0.33000000000000002       0.24825190935167041       0.57505226788808128       0.17669582276024820     
  0.34000000000000002       0.25105918036946417       0.57413180428213229       0.17480901534840360     
  0.34999999999999998       0.25397883545840505       0.57316012133184513       0.17286104320975007     
  0.35999999999999999       0.25701328958532382       0.57213487418685582       0.17085183622782035     
  0.37000000000000000       0.26016499215647054       0.57105362342668609       0.16878138441684334     
  0.38000000000000000       0.26343641940436408       0.56991383533239026       0.16664974526324536     
  0.39000000000000001       0.26683006608531651       0.56871288266099418       0.16445705125368915     
  0.40000000000000002       0.27034843592378988       0.56744804606836374       0.16220351800784616     
  0.40999999999999998       0.27399403110903131       0.56611651620658376       0.15988945268438476     
  0.41999999999999998       0.27776934066569903       0.56471539659518233       0.15751526273911862     
  0.42999999999999999       0.28167682746066758       0.56324170738982593       0.15508146514950660     
  0.44000000000000000       0.28571891429363366       0.56169239004836780       0.15258869565799837     
  0.45000000000000001       0.28989796835477949       0.56006431311377236       0.15003771853144818     
  0.46000000000000002       0.29421628451054560       0.55835427912063373       0.14742943636882064     
  0.46999999999999997       0.29867606723488976       0.55655903274994312       0.14476490001516720     
  0.47999999999999998       0.30327941094583111       0.55467527038348596       0.14204531867068323     
  0.48999999999999999       0.30802827940410549       0.55269965100249641       0.13927206959339813     
  0.50000000000000000       0.31292448333243572       0.55062880871572895       0.13644670795183522     
  0.51000000000000001       0.31796965695471030       0.54845936684944074       0.13357097619584879     
  0.52000000000000002       0.32316523332593605       0.54618795371009021       0.13064681296397387     
  0.53000000000000003       0.32851241828563532       0.54381122015024241       0.12767636156412229     
  0.54000000000000004       0.33401216397285793       0.54132585875119632       0.12466197727594602     
  0.55000000000000004       0.33966514108027818       0.53872862490366635       0.12160623401605530     
  0.56000000000000005       0.34547171049147352       0.53601635966503447       0.11851192984349194     
  0.56999999999999995       0.35143189517270806       0.53318601414597599       0.11538209068131589     
  0.57999999999999996       0.35754535149890526       0.53023467567927629       0.11221997282181825     
  0.58999999999999997       0.36381134087668632       0.52715959550273606       0.10902906362057777     
  0.59999999999999998       0.37022870272554137       0.52395821754692107       0.10581307972753755     
  0.60999999999999999       0.37679582797426686       0.52062820853179048       0.10257596349394259     
  0.62000000000000000       0.38351063414414466       0.51716748891961895        9.9321876936236175E-002
  0.63000000000000000       0.39037054329885329       0.51357426410218610        9.6055192598960351E-002
  0.64000000000000001       0.39737246143532862       0.50984705617454273        9.2780482390128732E-002
  0.65000000000000002       0.40451276231310634       0.50598473495296814        8.9502502733925293E-002
  0.66000000000000003       0.41178727360637452       0.50198654879552262        8.6226177598102929E-002
  0.67000000000000004       0.41919126863524464       0.49785215364555968        8.2956577719195818E-002
  0.68000000000000005       0.42671946144786593       0.49358164086967266        7.9698897682461203E-002
  0.68999999999999995       0.43436600790244395       0.48917556244471039        7.6458429652845689E-002
  0.69999999999999996       0.44212451236403605       0.48463495323215022        7.3240534403813812E-002
  0.70999999999999996       0.44998803929648656       0.47996135027323800        7.0050610430275440E-002
  0.71999999999999997       0.45794913194441372       0.47515680768983709        6.6894060365749464E-002
  0.72999999999999998       0.46599983659652916       0.47022390742872661        6.3776255974743873E-002
  0.73999999999999999       0.47413173375157786       0.46516576478676852        6.0702501461653444E-002
  0.75000000000000000       0.48233597419961804       0.45998602925873605        5.7677996541646126E-002
  0.76000000000000001       0.49060332210563840       0.45468887927134483        5.4707798623016654E-002
  0.77000000000000002       0.49892420297785717       0.44927901146010724        5.1796785562035590E-002
  0.78000000000000003       0.50728875668929119       0.44376162407442743        4.8949619236281328E-002
  0.79000000000000004       0.51568689479810625       0.43814239460357612        4.6170710598317836E-002
  0.80000000000000004       0.52410836141219874       0.43242745178450120        4.3464186803300039E-002
  0.81000000000000005       0.53254279674703719       0.42662334227614562        4.0833860976817217E-002
  0.81999999999999995       0.54097980244984023       0.42073699240488416        3.8283205145275730E-002
  0.82999999999999996       0.54940900771102719       0.41477566549755696        3.5815326791415858E-002
  0.83999999999999997       0.55782013515784146       0.40874691541821290        3.3432949423945618E-002
  0.84999999999999998       0.56620306567877321       0.40265853691270287        3.1138397408524109E-002
  0.85999999999999999       0.57454790028568392       0.39651851410105260        2.8933585613263604E-002
  0.87000000000000000       0.58284502039882891       0.39033496648611798        2.6820013115053210E-002
  0.88000000000000000       0.59108514263048417       0.38411609522891060        2.4798762140605085E-002
  0.89000000000000001       0.59925936981267403       0.37787012896657063        2.2870501220755513E-002
  0.90000000000000002       0.60735923571974360       0.37160527122085163        2.1035493059404713E-002
  0.91000000000000003       0.61537674565994505       0.36532964838148729        1.9293605958567731E-002
  0.92000000000000004       0.62330440938424958       0.35905126108549285        1.7644329530257546E-002
  0.93000000000000005       0.63113526757829896       0.35277793866626395        1.6086793755437218E-002
  0.93999999999999995       0.63886291353112912       0.34651729598924502        1.4619790479626138E-002
  0.94999999999999996       0.64648150675889371       0.34027669539437405        1.3241797846732267E-002
  0.95999999999999996       0.65398578039831567       0.33406321296946989        1.1951006632214429E-002
  0.96999999999999997       0.66137104435361238       0.32788360808676142        1.0745347559626401E-002
  0.97999999999999998       0.66863318115247172       0.32174429882600519        9.6225200215232440E-003
  0.98999999999999999       0.67576863670446274       0.31565134207839912        8.5800212171379450E-003
   1.0000000000000000       0.68277440817885404       0.30961041691496582        7.6151749061803709E-003
   1.0100000000000000       0.68964802604971742       0.30362681375112138        6.7251601991612344E-003
   1.0200000000000000       0.69638753267790854       0.29770542776878406        5.9070395533073090E-003
   1.0300000000000000       0.70299145972758625       0.29185075491468171        5.1577853577321519E-003
   1.0400000000000000       0.70945880143542817       0.28606689299303967        4.4743055715322456E-003
   1.0500000000000000       0.71578898610861386       0.28035754610638208        3.8534677850040372E-003
   1.0600000000000001       0.72198184813327493       0.27472603058133199        3.2921212853930437E-003
   1.0700000000000001       0.72803759735642104       0.26917528500426424        2.7871176393146173E-003
   1.0800000000000001       0.73395678812372456       0.26370788252077104        2.3353293555044962E-003
   1.0900000000000001       0.73974029022384979       0.25832604339584014        1.9336663803102055E-003
   1.1000000000000001       0.74538925810757861       0.25303165090413537        1.5790909882859154E-003
   1.1100000000000001       0.75090510206661498       0.24782626731041002        1.2686306229749205E-003
   1.1200000000000001       0.75628945910425216       0.24271115183916428        9.9938905658358552E-004
   1.1299999999999999       0.76154416701994909       0.23768727737616485        7.6855560388621152E-004
   1.1399999999999999       0.76667123768536938       0.23275534940154272        5.7341291308779714E-004
   1.1499999999999999       0.77167283280810350       0.22791582408097552        4.1134311092104421E-004
   1.1599999999999999       0.77655124118933316       0.22316892626787549        2.7983254279139461E-004
   1.1699999999999999       0.78130885648273896       0.21851466824933755        1.7647526792314910E-004
   1.1799999999999999       0.78594815865767576       0.21395286607597702        9.8975266347358469E-005
   1.1899999999999999       0.79047169488997870       0.20948315740298051        4.5147707040691972E-005
   1.2000000000000000       0.79488206309399567       0.20510501768841599        1.2919217588355861E-005
   1.2100000000000000       0.79918189675123441       0.20081777590528502        3.2734348035836788E-007
   1.2200000000000000       0.80337385120321769       0.19662062950398532        5.5192927969172329E-006
   1.2300000000000000       0.80746059134570913       0.19251265858582614        2.6750068464716186E-005
   1.2400000000000000       0.81144478065357106       0.18849283926319144        6.2380083237492564E-005
   1.2500000000000000       0.81532907145995281       0.18456005619489183        1.1087234515530201E-004
   1.2600000000000000       0.81911609641002825       0.18071311429629530        1.7078929367634273E-004
   1.2700000000000000       0.82280846100776484       0.17695074963310892        2.4078935912606262E-004
   1.2800000000000000       0.82640873717394681       0.17327163951534377        3.1962331070923568E-004
   1.2900000000000000       0.82991945773463471       0.16967441181417570        4.0613045118978160E-004
   1.3000000000000000       0.83334311176116516       0.16615765352929329        4.9923470954167290E-004
   1.3100000000000001       0.83668214068550328       0.16271991863802654        5.9794067647029800E-004
   1.3200000000000001       0.83993893511802487       0.15935973526024047        7.0132962173489327E-004
   1.3300000000000001       0.84311583206201079       0.15607561243582135        8.0855550216789871E-004
   1.3400000000000001       0.84621511385526327       0.15286604501341794        9.1884113131901642E-004
   1.3500000000000001       0.84923900534115315       0.14972952047034843        1.0314741884984546E-003
   1.3600000000000001       0.85218967373084864       0.14666452273364661        1.1458035355045612E-003
   1.3700000000000001       0.85506922775873540       0.14366953671188423        1.2612355293802210E-003
   1.3799999999999999       0.85787971715965550       0.14074305240415352        1.3772304361912089E-003
   1.3899999999999999       0.86062313363549947       0.13788356722535478        1.4932991391457323E-003
   1.3999999999999999       0.86330140978530479       0.13508959055944894        1.6089996552464219E-003
   1.4099999999999999       0.86591642050192463       0.13235964539645753        1.7239341016180906E-003
   1.4199999999999999       0.86846998320370039       0.12969227119114665        1.8377456051529011E-003
   1.4299999999999999       0.87096385971521428       0.12708602468023419        1.9501156045514166E-003
   1.4399999999999999       0.87339975584265339       0.12453948328315168        2.0607608741949903E-003
   1.4500000000000000       0.87577932314812135       0.12205124581401530        2.1694310378631916E-003
   1.4600000000000000       0.87810416094294108       0.11961993277950511        2.2759062775538547E-003
   1.4700000000000000       0.88037581616406380       0.11724418908979130        2.3799947461448701E-003
   1.4800000000000000       0.88259578531775396       0.11492268418820061        2.4815304940453654E-003
   1.4900000000000000       0.88476551672735460       0.11265411166136961        2.5803716112758144E-003
   1.5000000000000000       0.88688641018168857       0.11043719190418286        2.6763979141286626E-003
   1.5100000000000000       0.88895982024017717       0.10827067020332813        2.7695095564946545E-003
   1.5200000000000000       0.89098705614910134       0.10615331886009501        2.8596249908035567E-003
   1.5300000000000000       0.89296938375554480       0.10408393675822780        2.9466794862272956E-003
   1.5400000000000000       0.89490802790700463       0.10206134819106578        3.0306239019297510E-003
   1.5500000000000000       0.89680417195219542       0.10008440522474801        3.1114228230565027E-003
   1.5600000000000001       0.89865896120926714        9.8151984976174986E-002   3.1890538145579405E-003
   1.5700000000000001       0.90047350231082490        9.6262991999222516E-002   3.2635056899524366E-003
   1.5800000000000001       0.90224886650666825        9.4416355556119852E-002   3.3347779372118638E-003
   1.5900000000000001       0.90398608903066646        9.2611031822119216E-002   3.4028791472141134E-003
   1.6000000000000001       0.90568617229274362        9.0846001100020696E-002   3.4678266072357537E-003
   1.6100000000000001       0.90735008518649640        8.9120269957530668E-002   3.5296448559729958E-003
   1.6200000000000001       0.90897876621169782        8.7432868341178777E-002   3.5883654471237864E-003
   1.6299999999999999       0.91057312273677182        8.5782851682543917E-002   3.6440255806843517E-003
   1.6399999999999999       0.91213403382347102        8.4169298195928541E-002   3.6966679806004705E-003
   1.6499999999999999       0.91366235070910351        8.2591309401692264E-002   3.7463398892043534E-003
   1.6599999999999999       0.91515889588068966        8.1048011513406723E-002   3.7930926059037574E-003
   1.6699999999999999       0.91662446864855662        7.9538550461665150E-002   3.8369808897781594E-003
   1.6799999999999999       0.91805984196644763        7.8062095592788386E-002   3.8780624407639373E-003
   1.6899999999999999       0.91946576424155280        7.6617838080794629E-002   3.9163976776526452E-003
   1.7000000000000000       0.92084296164640289        7.5204989381330495E-002   3.9520489722663296E-003
   1.7100000000000000       0.92219213726964433        7.3822782139125798E-002   3.9850805912298682E-003
   1.7200000000000000       0.92351397428151483        7.2470467786221668E-002   4.0155579322637153E-003
   1.7300000000000000       0.92480913453668623        7.1147317875430244E-002   4.0435475878833043E-003
   1.7400000000000000       0.92607825901011909        6.9852623862760241E-002   4.0691171271208691E-003
   1.7500000000000000       0.92732197022638996        6.8585695242099037E-002   4.0923345315110621E-003
   1.7600000000000000       0.92854087340931568        6.7345858720455440E-002   4.1132678702291165E-003
   1.7700000000000000       0.92973555544188990        6.6132459158053311E-002   4.1319854000566774E-003
   1.7800000000000000       0.93090658447421282        6.4944859948738040E-002   4.1485555770489242E-003
   1.7900000000000000       0.93205451468616685        6.3782439208677308E-002   4.1630461051559067E-003
   1.8000000000000000       0.93317988358915560        6.2644592013440858E-002   4.1755243974036958E-003
   1.8100000000000001       0.93428321237271783        6.1530730137971244E-002   4.1860574893111636E-003
   1.8200000000000001       0.93536500794652577        6.0440280422199975E-002   4.1947116312742961E-003
   1.8300000000000001       0.93642576489143048        5.9372683215014953E-002   4.2015518935546370E-003
   1.8400000000000001       0.93746596086296774        5.8327396061587745E-002   4.2066430754443447E-003
   1.8500000000000001       0.93848606292194670        5.7303888609003172E-002   4.2100484690502172E-003
   1.8600000000000001       0.93948652474741134        5.6301644826830539E-002   4.2118304257581082E-003
   1.8700000000000001       0.94046778582516632        5.5320163619640463E-002   4.2120505551934487E-003
   1.8799999999999999       0.94143027695475701        5.4358954406521040E-002   4.2107686387219722E-003
   1.8899999999999999       0.94237441414609435        5.3417541942545374E-002   4.2080439113600186E-003
   1.8999999999999999       0.94330060530839221        5.2495460959055232E-002   4.2039337325524588E-003
   1.9099999999999999       0.94420924475041179        5.1592260480017173E-002   4.1984947695713109E-003
   1.9199999999999999       0.94510071916697314        5.0707499030819968E-002   4.1917818022069670E-003
   1.9299999999999999       0.94597540242444522        4.9840748705920576E-002   4.1838488696339885E-003
   1.9399999999999999       0.94683366152484549        4.8991590406786606E-002   4.1747480683680541E-003
   1.9500000000000000       0.94767585104195973        4.8159618164626723E-002   4.1645307934138195E-003
   1.9600000000000000       0.94850231971843724        4.7344433893124267E-002   4.1532463884387119E-003
   1.9700000000000000       0.94931340431294442        4.6545652155857778E-002   4.1409435311979582E-003
   1.9800000000000000       0.95010943470207887        4.5762896099444506E-002   4.1276691984765421E-003
   1.9900000000000000       0.95089073353392772        4.4995797668190222E-002   4.1134687978820550E-003
   2.0000000000000000       0.95165761271978644        4.4244000273324147E-002   4.0983870068893834E-003
   2.0099999999999998       0.95241037843362031        4.3507154825723683E-002   4.0824667406563295E-003
   2.0200000000000000       0.95314932827131538        4.2784921884157466E-002   4.0657498445270616E-003
   2.0299999999999998       0.95387475393981791        4.2076969498861812E-002   4.0482765613203565E-003
   2.0400000000000000       0.95458693860050370        4.1382975206714225E-002   4.0300861927821188E-003
   2.0499999999999998       0.95528615952940965        4.0702623901216553E-002   4.0112165693737753E-003
   2.0600000000000001       0.95597268592169893        4.0035609464111430E-002   3.9917046141894957E-003
   2.0699999999999998       0.95664678186725516        3.9381632399683404E-002   3.9715857330614342E-003
   2.0800000000000001       0.95730870412635394        3.8740401486705676E-002   3.9508943869404562E-003
   2.0899999999999999       0.95795870548147666        3.8111631133455927E-002   3.9296633850673729E-003
   2.1000000000000001       0.95859702921992807        3.7495045555528711E-002   3.9079252245433002E-003
   2.1099999999999999       0.95922391637032345        3.6890373151101517E-002   3.8857104785748752E-003
   2.1200000000000001       0.95983960027336290        3.6297350608596256E-002   3.8630491180408197E-003
   2.1299999999999999       0.96044430937538949        3.5715720699964544E-002   3.8399699246459891E-003
   2.1400000000000001       0.96103826681265048        3.5145232539448006E-002   3.8165006479014009E-003
   2.1499999999999999       0.96162169067533620        3.4585641322111386E-002   3.7926680025523346E-003
   2.1600000000000001       0.96219479429521981        3.4036708046247408E-002   3.7684976585326464E-003
   2.1699999999999999       0.96275778430056180        3.3498200934911640E-002   3.7440147645267509E-003
   2.1800000000000002       0.96331086605083649        3.2969891244377721E-002   3.7192427047856255E-003
   2.1899999999999999       0.96385423621447486        3.2451558852369361E-002   3.6942049331561001E-003
   2.2000000000000002       0.96438809053062013        3.1942986305958571E-002   3.6689231634215135E-003
   2.2100000000000000       0.96491261880367751        3.1443962570530906E-002   3.6434186257915113E-003
   2.2200000000000002       0.96542800558797626        3.0954282452867892E-002   3.6177119591559899E-003
   2.2300000000000000       0.96593443232000420        3.0473744935982660E-002   3.5918227440130215E-003
   2.2400000000000002       0.96643207729497904        3.0002153150869734E-002   3.5657695541510114E-003
   2.2500000000000000       0.96692111394804359        2.9539315625526606E-002   3.5395704264295775E-003
   2.2599999999999998       0.96740171032535294        2.9085046630901071E-002   3.5132430437460364E-003
   2.2700000000000000       0.96787403426106688        2.8639162236870276E-002   3.4868035020629183E-003
   2.2799999999999998       0.96833824638865007        2.8201485527305194E-002   3.4602680840445854E-003
   2.2900000000000000       0.96879450533345057        2.7771842646821615E-002   3.4336520197276715E-003
   2.2999999999999998       0.96924296769326357        2.7350062777710071E-002   3.4069695290264651E-003
   2.3100000000000001       0.96968378372483266        2.6935981331170002E-002   3.3802349439973059E-003
   2.3199999999999998       0.97013149112762420        2.6518677066121373E-002   3.3498318062541682E-003
   2.3300000000000001       0.20519470157513300       0.39897531084876753       0.39582998757609955     
   2.3399999999999999        2.4418748533293292E-002  0.51295303852934981       0.46262821293735695     
   2.3500000000000001        2.4088641606662718E-002  0.51296638835724107       0.46294497003609608     
   2.3599999999999999        2.3765236191183797E-002  0.51297705543232686       0.46325770837648939     
   2.3700000000000001        2.3446807993416564E-002  0.51298630144449497       0.46356689056208850     
   2.3799999999999999        2.3133277603122587E-002  0.51299416081265481       0.46387256158422246     
   2.3900000000000001        2.2824563517346172E-002  0.51300066971602698       0.46417476676662689     
   2.3999999999999999        2.2520587404957819E-002  0.51300586217811128       0.46447355041693111     
   2.4100000000000001        2.2221271634692997E-002  0.51300977190787200       0.46476895645743499     
   2.4199999999999999        2.1926539382465495E-002  0.51301243222018866       0.46506102839734603     
   2.4300000000000002        2.1636316883376520E-002  0.51301387436930568       0.46534980874731802     
   2.4399999999999999        2.1350528772190919E-002  0.51301413100181781       0.46563534022599140     
   2.4500000000000002        2.1069102248457771E-002  0.51301323307154800       0.46591766467999424     
   2.4600000000000000        2.0791966618736325E-002  0.51301121018295770       0.46619682319830597     
   2.4700000000000002        2.0519051326427826E-002  0.51300809204819908       0.46647285662537313     
   2.4800000000000000        2.0250286223941635E-002  0.51300390828415554       0.46674580549190281     
   2.4900000000000002        1.9985603463888921E-002  0.51299868701816631       0.46701570951794491     
   2.5000000000000000        1.9724935550648279E-002  0.51299245632580592       0.46728260812354594     
   2.5099999999999998        1.9468217723147416E-002  0.51298524247705257       0.46754653979980021     
   2.5200000000000000        1.9215383772220093E-002  0.51297707301425199       0.46780754321352785     
   2.5299999999999998        1.8966369793836209E-002  0.51296797398966520       0.46806565621649859     
   2.5400000000000000        1.8721114291373832E-002  0.51295796989404197       0.46832091581458402     
   2.5499999999999998        1.8479554137912618E-002  0.51294708662003419       0.46857335924205318     
   2.5600000000000001        1.8241629039181251E-002  0.51293534818568520       0.46882302277513349     
   2.5699999999999998        1.8007278834409439E-002  0.51292277871476089       0.46906994245082939     
   2.5800000000000001        1.7776445492546224E-002  0.51290940097402082       0.46931415353343309     
   2.5899999999999999        1.7549071301397275E-002  0.51289523769934342       0.46955569099925953     
   2.6000000000000001        1.7325098203048898E-002  0.51288031207886720       0.46979458971808385     
   2.6099999999999999        1.7104471563543375E-002  0.51286464499776652       0.47003088343869026     
   2.6200000000000001        1.6887136332780075E-002  0.51284825784471866       0.47026460582250129     
   2.6299999999999999        1.6673037794055851E-002  0.51283117196145833       0.47049579024448579     
   2.6400000000000001        1.6462123227909731E-002  0.51281340742870951       0.47072446934338091     
   2.6499999999999999        1.6254340421949495E-002  0.51279498415271874       0.47095067542533203     
   2.6600000000000001        1.6049638045958738E-002  0.51277592159058683       0.47117444036345424     
   2.6699999999999999        1.5847965638230207E-002  0.51275623875929199       0.47139579560247796     
   2.6800000000000002        1.5649273592164309E-002  0.51273595424446228       0.47161477216337339     
   2.6899999999999999        1.5453512782258027E-002  0.51271508647089381       0.47183140074684815     
   2.7000000000000002        1.5260635931082804E-002  0.51269365270891587       0.47204571136000134     
   2.7100000000000000        1.5070595953003980E-002  0.51267167027653771       0.47225773377045815     
   2.7200000000000002        1.4883345892148764E-002  0.51264915658184429       0.47246749752600709     
   2.7300000000000000        1.4698840116294548E-002  0.51262612825576703       0.47267503162793856     
   2.7400000000000002        1.4517034912523947E-002  0.51260260072101516       0.47288036436646086     
   2.7500000000000000        1.4337885372461327E-002  0.51257859044627596       0.47308352418126276     
   2.7599999999999998        1.4161348063333403E-002  0.51255411300978893       0.47328453892687761     
   2.7700000000000000        1.3987381699978660E-002  0.51252918261435232       0.47348343568566897     
   2.7799999999999998        1.3815942996584517E-002  0.51250381508410192       0.47368024191931379     
   2.7900000000000000        1.3646992363365230E-002  0.51247802374686247       0.47387498388977223     
   2.7999999999999998        1.3480487985604637E-002  0.51245182370943132       0.47406768830496382     
   2.8100000000000001        1.3316391671810186E-002  0.51242522763540244       0.47425838069278720     
   2.8199999999999998        1.3154663253009633E-002  0.51239824977497095       0.47444708697201937     
   2.8300000000000001        1.2995264648369914E-002  0.51237090306365984       0.47463383228797013     
   2.8399999999999999        1.2838158961105746E-002  0.51234319973707032       0.47481864130182377     
   2.8500000000000001        1.2683308017291849E-002  0.51231515312749043       0.47500153885521784     
   2.8599999999999999        1.2530676717072357E-002  0.51228677453339211       0.47518254874953569     
   2.8700000000000001        1.2380228227384278E-002  0.51225807648474908       0.47536169528786665     
   2.8799999999999999        1.2231927595307196E-002  0.51222907080156121       0.47553900160313178     
   2.8900000000000001        1.2085740839165289E-002  0.51219976797580269       0.47571449118503217     
   2.8999999999999999        1.1941633891499243E-002  0.51217017996274905       0.47588818614575162     
   2.9100000000000001        1.1799572919248878E-002  0.51214031686185035       0.47606011021890082     
   2.9199999999999999        1.1659525426718985E-002  0.51211018949856335       0.47623028507471754     
   2.9300000000000002        1.1521459190706169E-002  0.51207980817496890       0.47639873263432497     
   2.9399999999999999        1.1385342542528130E-002  0.51204918294674806       0.47656547451072395     
   2.9500000000000002        1.1251144304384911E-002  0.51201832212861664       0.47673053356699846     
   2.9600000000000000        1.1118834003484580E-002  0.51198723798924151       0.47689392800727382     
   2.9700000000000002        1.0988381509975437E-002  0.51195593714518894       0.47705568134483561     
   2.9800000000000000        1.0859757273921505E-002  0.51192443141702870       0.47721581130904978     
   2.9900000000000002        1.0732932245991559E-002  0.51189272699972754       0.47737434075428087     
   3.0000000000000000        1.0607877915973557E-002  0.51186083518650549       0.47753128689752106     
   3.0099999999999998        1.0484566206697079E-002  0.51182876181288706       0.47768667198041570     
   3.0200000000000000        1.0362969567223301E-002  0.51179651770554091       0.47784051272723593     
   3.0299999999999998        1.0243060880081471E-002  0.51176410833508101       0.47799283078483745     
   3.0400000000000000        1.0124813533382938E-002  0.51173154407849775       0.47814364238811952     
   3.0499999999999998        1.0008201329545578E-002  0.51169883005645378       0.47829296861400078     
   3.0600000000000001        9.8931985592816199E-003  0.51166597622396570       0.47844082521675274     
   3.0699999999999998        9.7797799145620690E-003  0.51163298736069407       0.47858723272474402     
   3.0800000000000001        9.6679205582734691E-003  0.51159987302246313       0.47873220641926328     
   3.0899999999999999        9.5575960502088299E-003  0.51156663899289179       0.47887576495689932     
   3.1000000000000001        9.4487823647233134E-003  0.51153329044799922       0.47901792718727737     
   3.1099999999999999        9.3414559190657439E-003  0.51149983684149858       0.47915870723943566     
   3.1200000000000001        9.2355934905895866E-003  0.51146628169710739       0.47929812481230288     
   3.1299999999999999        9.1311722939669340E-003  0.51143263411059503       0.47943619359543810     
   3.1400000000000001        9.0281698912585747E-003  0.51139889731172816       0.47957293279701319     
   3.1499999999999999        8.9265642665426279E-003  0.51136508005926407       0.47970835567419329     
   3.1600000000000001        8.8263337389342875E-003  0.51133118529719479       0.47984248096387083     
   3.1699999999999999        8.7274570348663885E-003  0.51129722146710466       0.47997532149802902     
   3.1800000000000002        8.6299132037930461E-003  0.51126319123522701       0.48010689556097985     
   3.1899999999999999        8.5336816883662785E-003  0.51122910274482392       0.48023721556680982     
   3.2000000000000002        8.4387422425873434E-003  0.51119495839218476       0.48036629936522784     
   3.2100000000000000        8.3450750000895434E-003  0.51116076604018057       0.48049415895972974     
   3.2200000000000002        8.2526603945233968E-003  0.51112652782274348       0.48062081178273292     
   3.2300000000000000        8.1614792261365757E-003  0.51109225133944003       0.48074626943442345     
   3.2400000000000002        8.0715125841994678E-003  0.51105793846917558       0.48087054894662490     
   3.2500000000000000        7.9827419120536876E-003  0.51102359656451446       0.48099366152343187     
   3.2599999999999998        7.8951489314023279E-003  0.51098922725639773       0.48111562381220002     
   3.2700000000000000        7.8087157059820557E-003  0.51095483766596084       0.48123644662805715     
   3.2799999999999998        7.7234245675580696E-003  0.51092042918295744       0.48135614624948442     
   3.2900000000000000        7.6392581706384169E-003  0.51088600739309153       0.48147473443627009     
   3.2999999999999998        7.5561994586360644E-003  0.51085157740811504       0.48159222313324901     
   3.3100000000000001        7.4742316403827646E-003  0.51081714064508021       0.48170862771453671     
   3.3199999999999998        7.3933382343069291E-003  0.51078270333517384       0.48182395843051928     
   3.3300000000000001        7.3135030067113561E-003  0.51074826666639983       0.48193823032688871     
   3.3399999999999999        7.2347100231581257E-003  0.51071383669121762       0.48205145328562415     
   3.3500000000000001        7.1569435877165445E-003  0.51067941437485531       0.48216364203742806     
   3.3599999999999999        7.0801882937743003E-003  0.51064500560338988       0.48227480610283574     
   3.3700000000000001        7.0044289641677101E-003  0.51061061112519901       0.48238495991063329     
   3.3799999999999999        6.9296507014923259E-003  0.51057623667186403       0.48249411262664360     
   3.3900000000000001        6.8558388290337934E-003  0.51054188278049395       0.48260227839047232     
   3.3999999999999999        6.7829789406453154E-003  0.51050755503963552       0.48270946601971920     
   3.4100000000000001        6.7110568424031611E-003  0.51047325378037123       0.48281568937722580     
   3.4199999999999999        6.6400586021132749E-003  0.51043898445926994       0.48292095693861653     
   3.4300000000000002        6.5699704916205963E-003  0.51040474720629903       0.48302528230208042     
   3.4399999999999999        6.5007790360024761E-003  0.51037054735673248       0.48312867360726497     
   3.4500000000000002        6.4324709564655335E-003  0.51033638484400168       0.48323114419953273     
   3.4600000000000000        6.3650332192795485E-003  0.51030226489241781       0.48333270188830257     
   3.4700000000000002        6.2984529791997321E-003  0.51026818724313561       0.48343335977766455     
   3.4800000000000000        6.2327176220486344E-003  0.51023415571291386       0.48353312666503745     
   3.4900000000000002        6.1678147393170934E-003  0.51020017377434412       0.48363201148633878     
   3.5000000000000000        6.1037321091829445E-003  0.51016624120849452       0.48373002668232251     
   3.5099999999999998        6.0404577328326148E-003  0.51013236268380135       0.48382717958336602     
   3.5200000000000000        5.9779797848958710E-003  0.51009853779944492       0.48392348241565925     
   3.5299999999999998        5.9162866559519375E-003  0.51006477114535076       0.48401894219869707     
   3.5400000000000000        5.8553669031912578E-003  0.51003106214226235       0.48411357095454649     
   3.5499999999999998        5.7952092929674237E-003  0.50999741531033949       0.48420737539669295     
   3.5600000000000001        5.7358027516457473E-003  0.50996382989503286       0.48430036735332133     
   3.5699999999999998        5.6771364082311808E-003  0.50993031035524905       0.48439255323651970     
   3.5800000000000001        5.6191995453654976E-003  0.50989685576399413       0.48448394469064032     
   3.5899999999999999        5.5619816366336292E-003  0.50986346922335513       0.48457454914001113     
   3.6000000000000001        5.5054723248036995E-003  0.50983015354803729       0.48466437412715901     
   3.6099999999999999        5.4496614049928576E-003  0.50979690785230813       0.48475343074269900     
   3.6200000000000001        5.3945388573003010E-003  0.50976373618123172       0.48484172496146799     
   3.6299999999999999        5.3400948028772760E-003  0.50973063748522862       0.48492926771189415     
   3.6400000000000001        5.2863195422095726E-003  0.50969761577346151       0.48501606468432890     
   3.6499999999999999        5.2332035111568179E-003  0.50966466983456393       0.48510212665427904     
   3.6600000000000001        5.1807373145656603E-003  0.50963180237401640       0.48518746031141802     
   3.6699999999999999        5.1289117068513057E-003  0.50959901584616507       0.48527207244698350     
   3.6800000000000002        5.0777175766532380E-003  0.50956630907491507       0.48535597334843167     
   3.6899999999999999        5.0271459766682847E-003  0.50953368573554891       0.48543916828778289     
   3.7000000000000002        4.9771880836942447E-003  0.50950114449767669       0.48552166741862929     
   3.7100000000000000        4.9278352336920460E-003  0.50946868902254527       0.48560347574376250     
   3.7200000000000002        4.8790788816727359E-003  0.50943631782677468       0.48568460329155250     
   3.7300000000000000        4.8309106371081335E-003  0.50940403456439443       0.48576505479849752     
   3.7400000000000002        4.7833222236395891E-003  0.50937183760008464       0.48584484017627572     
   3.7500000000000000        4.7363055102763564E-003  0.50933972928284432       0.48592396520687936     
   3.7599999999999998        4.6898524937820842E-003  0.50930771173978751       0.48600243576643043     
   3.7700000000000000        4.6439552844561903E-003  0.50927578337313928       0.48608026134240440     
   3.7799999999999998        4.5986061342569448E-003  0.50924394758189195       0.48615744628385116     
   3.7900000000000000        4.5537973996500796E-003  0.50921220262215205       0.48623399997819777     
