case: (2, 2)
 eig_0 =    5.5511151231257827E-017 eig_1 =    1.0000000000000000     
 Has converged: ground state:  F  first_state:  F
  
