               (0.0000000000000000,0.0000000000000000)               (1.0000000000000000,0.0000000000000000)
               (1.0000000000000000,0.0000000000000000)               (1.0000000000000000,0.0000000000000000)
 
case: (2, 2)
 phi0:              (0.85065080977198138,0.0000000000000000)             (-0.52573110982162008,0.0000000000000000)
 phi1:              (0.52573110982162008,0.0000000000000000)              (0.85065080977198138,0.0000000000000000)
 eig_0 =  -0.61803398874989479     
 eig_1 =    1.6180339887498949     
 Has converged: ground state:  T  first_state:  T
  
               (0.0000000000000000,0.0000000000000000)               (0.0000000000000000,0.0000000000000000)               (0.0000000000000000,0.0000000000000000)
               (0.0000000000000000,0.0000000000000000)              (0.50000000000000000,0.0000000000000000)               (0.0000000000000000,0.0000000000000000)
               (0.0000000000000000,0.0000000000000000)               (0.0000000000000000,0.0000000000000000)               (1.0000000000000000,0.0000000000000000)
 
case: (3, 3)
 phi0:               (1.0000000000000000,0.0000000000000000)               (0.0000000000000000,0.0000000000000000)               (0.0000000000000000,0.0000000000000000)
 phi1:               (0.0000000000000000,0.0000000000000000)               (1.0000000000000000,0.0000000000000000)               (0.0000000000000000,0.0000000000000000)
 eig_0 =    0.0000000000000000     
 eig_1 =   0.50000000000000000     
 Has converged: ground state:  T  first_state:  T
  
              (-4.9249075345012239,0.0000000000000000)        (-6.52790470404280565E-002,0.0000000000000000)
        (-6.52790470404280565E-002,0.0000000000000000)         (7.50924448872403588E-002,0.0000000000000000)
 
case: (2, 2)
 phi0:         (1.30524712070743745E-002,0.0000000000000000)             (-0.99991481286927053,0.0000000000000000)
 phi1:              (0.99991481286927042,0.0000000000000000)         (1.30524712070896141E-002,0.0000000000000000)
 eig_0 =    7.5944570463654923E-002
 eig_1 =   -4.9257596600776381     
 Has converged: ground state:  T  first_state:  T
  
