case: (2, 2)
 phi0:              (0.85065080977198138,0.0000000000000000)             (-0.52573110982162008,0.0000000000000000)
 phi1:              (0.52573110982162008,0.0000000000000000)              (0.85065080977198138,0.0000000000000000)
 eig_0 =  -0.61803398874989479     
 eig_1 =    1.6180339887498949     
 Has converged: ground state:  T  first_state:  T
  
